11
0
15
0
15
0
15
15
14
14
11
13
10
14
13
14
15
15
15
15
15
15
15
13
15
15
15
15
15
15
15
10
15
15
15
15
15
15
15
5
15
15
15
15
15
15
15
10
14
15
15
15
15
15
15
5
13
15
15
15
15
15
15
10
10
15
15
15
15
15
15
5
5
15
15
15
15
15
15
10
10
14
15
15
15
15
15
5
5
13
15
15
15
15
15
10
10
10
15
15
15
15
15
4
5
5
15
15
15
15
15
9
10
10
14
15
15
15
15
3
5
5
13
15
15
15
15
6
10
10
10
15
15
15
15
12
4
5
5
15
15
15
15
9
9
10
10
14
15
15
15
3
3
5
5
13
15
15
15
6
6
10
10
10
15
15
15
12
12
4
5
5
15
15
15
9
9
9
10
10
14
15
15
3
3
3
5
5
13
15
15
7
6
6
10
10
10
15
15
14
12
12
4
5
5
15
15
13
9
9
9
10
10
14
15
11
3
3
3
5
5
13
15
7
7
6
6
10
10
10
15
14
14
12
12
4
5
5
15
13
13
9
9
9
10
10
14
11
11
3
3
3
5
5
13
7
7
7
6
6
10
10
10
15
14
14
12
12
4
5
5
15
13
13
9
9
9
10
10
15
11
11
3
3
3
5
5
14
7
7
7
6
6
10
10
12
15
14
14
12
12
4
5
8
15
13
13
9
9
9
10
0
15
11
11
3
3
3
5
1
14
7
7
7
6
6
10
3
12
15
14
14
12
12
4
7
8
15
13
13
9
9
9
15
0
15
11
11
3
3
3
14
1
14
7
7
7
6
6
12
3
12
15
14
14
12
12
9
7
8
15
13
13
9
9
2
15
0
15
11
11
3
3
4
14
1
14
7
7
7
6
9
12
3
12
15
14
14
12
3
9
7
8
15
13
13
9
7
2
15
0
15
11
11
3
14
4
14
1
14
7
7
7
12
9
12
3
12
15
14
14
9
3
9
7
8
15
13
13
3
7
2
15
0
15
11
11
6
14
4
14
1
14
7
7
12
12
9
12
3
12
15
14
8
9
3
9
7
8
15
13
0
3
7
2
15
0
15
11
0
6
14
4
14
1
14
7
0
12
12
9
12
3
12
15
1
8
9
3
9
7
8
15
3
0
3
7
2
15
0
15
7
0
6
14
4
14
1
14
14
0
12
12
9
12
3
12
13
1
8
9
3
9
7
8
10
3
0
3
7
2
15
0
4
7
0
6
14
4
14
1
8
14
0
12
12
9
12
3
0
13
1
8
9
3
9
7
1
10
3
0
3
7
2
15
3
4
7
0
6
14
4
14
6
8
14
0
12
12
9
12
13
0
13
1
8
9
3
9
11
1
10
3
0
3
7
2
7
3
4
7
0
6
14
4
15
6
8
14
0
12
12
9
14
13
0
13
1
8
